_id,MMSI,BaseDateTime,LAT,LON,SOG,COG
660f08b42152297bf3d23427,338325166,2021-01-01T00:00:20,28.08771,-82.77474,0.0,0.0
660f08b42152297bf3d23428,368163740,2021-01-01T00:00:18,26.10727,-80.12551,0.0,360.0
660f08b42152297bf3d23429,366811570,2021-01-01T00:00:23,30.6615,-88.03264,0.0,196.0
660f08b42152297bf3d2342a,368140750,2021-01-01T00:00:24,30.2314,-93.25791,0.0,50.5
660f08b42152297bf3d2342b,368170010,2021-01-01T00:00:28,29.57223,-90.59391,0.0,316.2
660f08b42152297bf3d2342c,538007847,2021-01-01T00:00:39,30.71185,-88.04063,0.0,11.2
660f08b42152297bf3d2342d,338224348,2021-01-01T00:00:19,32.8347,-79.92896,0.1,342.2
660f08b42152297bf3d2342e,368134490,2021-01-01T00:00:17,29.56063,-92.61208,0.2,47.5
660f08b42152297bf3d2342f,333234990,2021-01-01T00:00:17,27.45076,-80.32039,0.0,264.9
660f08b42152297bf3d23430,368120090,2021-01-01T00:00:16,29.95115,-90.01498,0.1,233.4
660f08b42152297bf3d23431,378112073,2021-01-01T00:00:21,25.92772,-80.13015,2.3,359.0
660f08b42152297bf3d23432,367532810,2021-01-01T00:00:16,30.06368,-90.85178,0.0,265.0
660f08b42152297bf3d23433,367777460,2021-01-01T00:00:13,27.93355,-82.43412,0.0,249.0
660f08b42152297bf3d23434,367170010,2021-01-01T00:00:12,29.89757,-90.0796,0.0,114.0
660f08b42152297bf3d23435,366961220,2021-01-01T00:00:11,30.42028,-91.20356,0.0,193.1
660f08b42152297bf3d23436,367702730,2021-01-01T00:00:06,29.83597,-90.04562,0.0,290.7
660f08b42152297bf3d23437,367470060,2021-01-01T00:00:06,30.23879,-91.12619,0.0,221.0
660f08b42152297bf3d23438,303520000,2021-01-01T00:00:06,27.92347,-82.44769,2.2,353.3
660f08b42152297bf3d23439,338227107,2021-01-01T00:00:21,27.7481,-82.722,0.0,256.1
660f08b42152297bf3d2343a,366550000,2021-01-01T00:00:32,29.12197,-90.19797,0.0,108.5
660f08b42152297bf3d2343b,367382330,2021-01-01T00:01:08,38.27463,-85.71606,9.3,231.2
660f08b42152297bf3d2343c,338194804,2021-01-01T00:00:16,25.31701,-80.27813,0.0,142.3
660f08b42152297bf3d2343d,367167020,2021-01-01T00:00:08,29.61737,-94.34092,5.3,244.4
660f08b42152297bf3d2343e,368105180,2021-01-01T00:00:07,29.57142,-90.38262,0.1,58.2
660f08b42152297bf3d2343f,367469220,2021-01-01T00:00:48,24.56273,-81.80125,0.0,285.7
660f08b42152297bf3d23440,366983530,2021-01-01T00:00:53,33.73351,-118.16958,0.4,87.1
660f08b42152297bf3d23441,303422000,2021-01-01T00:00:58,34.15152,-119.20693,0.0,290.8
660f08b42152297bf3d23442,636017832,2021-01-01T00:01:00,29.23335,-94.61622,0.0,348.0
660f08b42152297bf3d23443,366997780,2021-01-01T00:01:16,30.03909,-90.61046,0.4,235.0
660f08b42152297bf3d23444,367748380,2021-01-01T00:00:10,25.79602,-80.14561,0.0,75.5
660f08b42152297bf3d23445,367040920,2021-01-01T00:00:13,32.08748,-81.08881,0.0,360.0
660f08b42152297bf3d23446,367314380,2021-01-01T00:00:13,29.94227,-90.31581,0.3,304.2
660f08b42152297bf3d23447,367750650,2021-01-01T00:00:06,29.93334,-89.99738,0.0,360.0
660f08b42152297bf3d23448,367778010,2021-01-01T00:01:22,27.83582,-97.18161,0.0,279.6
660f08b42152297bf3d23449,538070983,2021-01-01T00:01:24,26.77394,-80.05101,0.0,274.2
660f08b42152297bf3d2344a,367655030,2021-01-01T00:00:14,29.65483,-91.12446,0.0,260.9
660f08b42152297bf3d2344b,367768080,2021-01-01T00:00:14,29.99107,-90.41926,0.0,203.2
660f08b42152297bf3d2344c,367170990,2021-01-01T00:00:13,29.76755,-95.09128,0.0,332.1
660f08b42152297bf3d2344d,518630000,2021-01-01T00:00:10,25.72142,-77.75589,10.4,328.5
660f08b42152297bf3d2344e,369043000,2021-01-01T00:01:04,29.96885,-90.25669,0.0,262.6
660f08b42152297bf3d2344f,366917160,2021-01-01T00:00:17,30.65893,-91.33473,3.2,312.4
660f08b42152297bf3d23450,367431410,2021-01-01T00:00:15,29.37822,-90.25901,0.0,360.0
660f08b42152297bf3d23451,367778010,2021-01-01T00:00:13,27.83583,-97.18161,0.0,279.6
660f08b42152297bf3d23452,367651650,2021-01-01T00:00:13,29.83446,-90.0483,0.0,360.0
660f08b42152297bf3d23453,367516330,2021-01-01T00:00:12,29.96205,-90.28377,0.0,271.4
660f08b42152297bf3d23454,367663440,2021-01-01T00:01:16,30.10722,-90.9176,0.0,308.6
660f08b42152297bf3d23455,338156416,2021-01-01T00:00:23,30.3976,-88.85928,0.0,182.2
660f08b42152297bf3d23456,366884240,2021-01-01T00:00:13,27.93346,-82.43385,0.0,333.7
660f08b42152297bf3d23457,367702390,2021-01-01T00:00:13,29.76625,-95.09187,0.0,240.3
660f08b42152297bf3d23458,367704410,2021-01-01T00:00:11,29.37534,-94.86656,0.0,218.9
660f08b42152297bf3d23459,367331070,2021-01-01T00:00:10,29.74485,-93.86908,0.0,168.5
660f08b42152297bf3d2345a,367057260,2021-01-01T00:00:07,29.37266,-94.89256,0.0,234.2
660f08b42152297bf3d2345b,357076000,2021-01-01T00:00:00,35.01988,-121.55619,1.7,336.1
660f08b42152297bf3d2345c,367004580,2021-01-01T00:00:34,30.06417,-90.87806,0.0,101.9
660f08b42152297bf3d2345d,367559430,2021-01-01T00:00:25,31.5353,-81.36442,0.0,321.8
660f08b42152297bf3d2345e,367119980,2021-01-01T00:00:50,34.24155,-119.26444,0.0,279.7
660f08b42152297bf3d2345f,367368180,2021-01-01T00:00:55,33.73299,-118.26352,0.0,323.4
660f08b42152297bf3d23460,367095660,2021-01-01T00:00:15,29.99613,-93.91572,0.0,233.2
660f08b42152297bf3d23461,338173000,2021-01-01T00:00:15,29.93514,-91.8415,0.0,229.5
660f08b42152297bf3d23462,367453420,2021-01-01T00:00:27,27.79708,-82.41267,0.0,176.8
660f08b42152297bf3d23463,367457250,2021-01-01T00:00:14,29.32007,-94.7853,0.0,272.8
660f08b42152297bf3d23464,368018050,2021-01-01T00:00:16,26.22232,-80.10988,0.0,257.2
660f08b42152297bf3d23465,367002580,2021-01-01T00:00:11,29.63862,-91.08966,0.1,360.0
660f08b42152297bf3d23466,367709350,2021-01-01T00:00:12,27.99365,-97.05918,5.4,79.0
660f08b42152297bf3d23467,367675880,2021-01-01T00:00:16,29.74235,-95.19832,0.0,136.4
660f08b42152297bf3d23468,367774150,2021-01-01T00:00:07,30.04427,-90.6684,0.0,197.3
660f08b42152297bf3d23469,367741190,2021-01-01T00:00:21,25.69023,-80.25741,0.0,280.1
660f08b42152297bf3d2346a,368067520,2021-01-01T00:00:16,28.69661,-89.396,0.0,287.2
660f08b42152297bf3d2346b,235052361,2021-01-01T00:00:54,26.77853,-80.05318,0.0,337.7
660f08b42152297bf3d2346c,367339380,2021-01-01T00:00:33,26.71411,-80.04884,0.0,262.8
660f08b42152297bf3d2346d,338096168,2021-01-01T00:01:10,29.54764,-95.03867,0.0,341.5
660f08b42152297bf3d2346e,366984210,2021-01-01T00:00:14,30.01366,-90.83494,11.7,174.0
660f08b42152297bf3d2346f,306812000,2021-01-01T00:01:13,27.87958,-97.26162,0.0,154.2
660f08b42152297bf3d23470,367582010,2021-01-01T00:00:14,29.14934,-90.22393,0.0,100.6
660f08b42152297bf3d23471,367456870,2021-01-01T00:01:16,29.98236,-90.40416,0.0,218.6
660f08b42152297bf3d23472,367059310,2021-01-01T00:01:16,27.84607,-97.17529,0.0,114.0
660f08b42152297bf3d23473,257613000,2021-01-01T00:00:06,31.9936,-80.21672,17.1,71.4
660f08b42152297bf3d23474,368071410,2021-01-01T00:00:15,30.40647,-81.5968,0.0,47.5
660f08b42152297bf3d23475,366755010,2021-01-01T00:02:00,33.74129,-118.19444,0.0,202.3
660f08b42152297bf3d23476,367102000,2021-01-01T00:00:15,24.30277,-82.45856,14.1,265.9
660f08b42152297bf3d23477,368078690,2021-01-01T00:00:10,29.76509,-91.7721,4.9,119.3
660f08b42152297bf3d23478,368133450,2021-01-01T00:00:14,29.4059,-94.74295,0.0,37.7
660f08b42152297bf3d23479,368121960,2021-01-01T00:00:14,28.69591,-95.94634,0.0,6.8
660f08b42152297bf3d2347a,368115150,2021-01-01T00:00:14,29.93916,-93.34019,0.0,264.1
660f08b42152297bf3d2347b,368090830,2021-01-01T00:00:13,29.74696,-93.89289,0.0,0.0
660f08b42152297bf3d2347c,215567000,2021-01-01T00:00:13,27.79112,-96.84702,1.5,321.1
660f08b42152297bf3d2347d,367646810,2021-01-01T00:00:54,29.83088,-93.96252,0.0,153.0
660f08b42152297bf3d2347e,368119120,2021-01-01T00:00:13,31.11671,-91.62439,6.7,159.9
660f08b42152297bf3d2347f,368063460,2021-01-01T00:00:13,30.02153,-93.9878,0.0,25.6
660f08b42152297bf3d23480,316001940,2021-01-01T00:01:09,42.286,-83.11958,0.0,241.9
660f08b42152297bf3d23481,368014720,2021-01-01T00:00:12,29.72609,-93.86983,0.0,210.6
660f08b42152297bf3d23482,367619260,2021-01-01T00:00:12,29.42811,-90.29443,0.0,213.1
660f08b42152297bf3d23483,368174460,2021-01-01T00:00:12,30.43115,-91.24027,0.0,0.0
660f08b42152297bf3d23484,368063310,2021-01-01T00:00:12,29.95413,-90.06242,0.0,308.8
660f08b42152297bf3d23485,368111750,2021-01-01T00:00:11,28.94817,-95.303,5.3,46.7
660f08b42152297bf3d23486,368144340,2021-01-01T00:00:11,29.42922,-94.71595,0.0,269.1
660f08b42152297bf3d23487,368078120,2021-01-01T00:00:11,27.8466,-97.22505,0.0,290.5
660f08b42152297bf3d23488,368041830,2021-01-01T00:00:10,29.95287,-90.05624,0.2,304.6
660f08b42152297bf3d23489,257613000,2021-01-01T00:01:12,31.99533,-80.21099,17.1,70.1
660f08b42152297bf3d2348a,368064130,2021-01-01T00:00:10,29.77263,-95.10109,0.0,55.4
